You are a voxel architect. Design: "Grogu (Baby Yoda)".

You write JavaScript that calls builder functions. Your code runs in a sandbox that collects block placements. Your output OVERRIDES whatever was at those coordinates.

AVAILABLE FUNCTIONS:
  block(x, y, z, id)                           single block
  cube(x1, y1, z1, x2, y2, z2, id)             filled box (inclusive both ends)
  hollowCube(x1, y1, z1, x2, y2, z2, id)       box shell (edges) only
  sphere(cx, cy, cz, radius, id)               filled sphere
  hollowSphere(cx, cy, cz, radius, id)         sphere shell
  cylinder(cx, cy, cz, radius, height, id)     vertical cylinder (grows +Y)
  hollowCylinder(cx, cy, cz, radius, height, id)
  line(x1, y1, z1, x2, y2, z2, id)             line of blocks
  disk(cx, cy, cz, radius, id)                 filled flat disk at Y=cy

BLOCK CONSTANTS:
  AIR (0) — placing AIR DELETES the block at that position. Use to clear trees, dig caves, carve windows.
  GRASS (1), DIRT (2), STONE (3 gray), OAK_LOG (4 brown)
  LEAVES (5 green), SAND (6 yellow), PLANKS (7 tan)
  COBBLE (8), BRICK (10 red), GLASS (11 blue), SNOW (12 white), ICE (13 cyan)

Color guide: metal/blade → STONE or COBBLE, wood → OAK_LOG or PLANKS,
foliage → LEAVES, red/fire → BRICK, water/sky → GLASS, white/snow → SNOW.

Math is available. You can define local helper functions.

COORDS: Relative - origin (0,0,0) is the player's feet at the build location, on top of the ground. +X east, +Y up, +Z south.
Limits: X,Z in [-22,22], Y in [-8,33]. Negative Y allowed for foundations / digging in.
Budget: up to 4000 SOLID blocks. AIR is free and does NOT count against the budget — use it to carve window openings, dig craters, or remove terrain. Do NOT blanket-clear the whole site with a giant AIR box; it is unnecessary.

LOCAL GEOMETRY (what's already in the world; 1140 boxes covering 5197 blocks):
Format: array of [x1,y1,z1,x2,y2,z2,blockId] filled boxes (inclusive). Coords RELATIVE to your origin.
Block IDs: 1=GRASS 2=DIRT 3=STONE 4=OAK_LOG 5=LEAVES 6=SAND 7=PLANKS 8=COBBLE 9=BEDROCK 10=BRICK 11=GLASS 12=SNOW 13=ICE
[[-22,-2,-18,-22,-2,-6,1],[-21,-2,-14,-21,-2,-8,1],[1,-2,-8,4,-2,-8,1],[0,-2,-7,0,-2,-1,1],[2,-2,-7,5,-2,-4,1],[-1,-2,-6,-1,-2,-2,1],[1,-2,-6,1,-2,0,1],[6,-2,-6,6,-2,-1,1],[-2,-2,-4,-2,-2,-4,1],[2,-2,-3,3,-2,0,1],[5,-2,-3,5,-2,0,1],[4,-2,-2,4,-2,1,1],[6,-2,5,6,-2,12,1],[5,-2,6,5,-2,9,1],[7,-2,6,9,-2,13,1],[10,-2,7,11,-2,15,1],[12,-2,8,12,-2,10,1],[13,-2,9,13,-2,15,1],[14,-2,11,14,-2,17,1],[12,-2,12,12,-2,15,1],[8,-2,14,9,-2,14,1],[9,-2,15,9,-2,15,1],[15,-2,15,18,-2,17,1],[19,-2,16,22,-2,17,1],[-22,-2,17,-21,-2,20,1],[-20,-2,18,-20,-2,18,1],[15,-2,18,17,-2,22,1],[20,-2,18,20,-2,18,1],[22,-2,18,22,-2,22,1],[14,-2,19,14,-2,21,1],[18,-2,19,19,-2,22,1],[21,-2,19,21,-2,22,1],[13,-2,20,13,-2,22,1],[20,-2,20,20,-2,22,1],[-22,-2,21,-22,-2,21,1],[12,-2,21,12,-2,22,1],[10,-2,22,11,-2,22,1],[-22,-1,-22,-20,-1,-22,1],[5,-1,-22,13,-1,-21,1],[15,-1,-22,22,-1,-22,1],[-21,-1,-21,-20,-1,-15,1],[14,-1,-21,15,-1,-21,1],[21,-1,-21,22,-1,-21,1],[-19,-1,-20,-19,-1,-15,1],[5,-1,-20,7,-1,-8,1],[9,-1,-20,14,-1,-19,1],[-22,-1,-19,-22,-1,-19,1],[8,-1,-19,8,-1,-16,1],[4,-1,-18,4,-1,-9,1],[9,-1,-18,13,-1,-18,1],[-18,-1,-17,-18,-1,3,1],[3,-1,-17,3,-1,-11,1],[9,-1,-17,11,-1,-17,1],[-17,-1,-16,-17,-1,14,1],[2,-1,-16,2,-1,-9,1],[22,-1,-16,22,-1,-16,1],[-16,-1,-15,-15,-1,-7,1],[1,-1,-15,1,-1,-14,1],[16,-1,-15,21,-1,-14,1],[-20,-1,-14,-20,-1,-2,1],[-14,-1,-14,-13,-1,-9,1],[-1,-1,-14,0,-1,-11,1],[15,-1,-14,15,-1,-12,1],[22,-1,-14,22,-1,-12,1],[-19,-1,-13,-19,-1,-12,1],[-12,-1,-13,-12,-1,-10,1],[-2,-1,-13,-2,-1,-5,1],[16,-1,-13,17,-1,-12,1],[19,-1,-13,21,-1,-11,1],[-11,-1,-12,-11,-1,-11,1],[-3,-1,-12,-3,-1,15,1],[1,-1,-12,1,-1,-9,1],[18,-1,-12,18,-1,-10,1],[-4,-1,-11,-4,-1,15,1],[8,-1,-11,8,-1,-2,1],[16,-1,-11,16,-1,-10,1],[-19,-1,-10,-19,-1,-8,1],[-5,-1,-10,-5,-1,12,1],[0,-1,-10,0,-1,-8,1],[17,-1,-10,17,-1,-10,1],[-6,-1,-9,-6,-1,-9,1],[-1,-1,-9,-1,-1,-7,1],[3,-1,-9,3,-1,-9,1],[9,-1,-9,9,-1,5,1],[-14,-1,-8,-14,-1,-8,1],[-7,-1,-8,-7,-1,-6,1],[-21,-1,-7,-21,-1,10,1],[-6,-1,-7,-6,-1,-2,1],[1,-1,-7,1,1,-7,4],[6,-1,-7,7,-1,-7,1],[-19,-1,-6,-19,-1,7,1],[-16,-1,-6,-16,-1,14,1],[7,-1,-6,7,-1,5,1],[-22,-1,-5,-22,-1,16,1],[-8,-1,-5,-8,-1,-1,1],[10,-1,-5,10,-1,6,1],[-7,-1,-4,-7,-1,1,1],[-15,-1,-3,-15,-1,-1,1],[-2,-1,-3,-2,-1,6,1],[4,-1,-3,4,1,-3,4],[11,-1,-2,11,-1,6,1],[-1,-1,-1,-1,-1,15,1],[-20,-1,0,-20,-1,17,1],[-6,-1,0,-6,-1,0,1],[0,-1,0,0,-1,0,1],[6,-1,0,6,-1,4,1],[8,-1,0,8,-1,2,1],[12,-1,0,12,-1,7,1],[16,-1,0,16,-1,14,1],[-15,-1,1,-15,-1,1,1],[1,-1,1,3,-1,16,1],[5,-1,1,5,-1,5,1],[13,-1,1,15,-1,2,1],[17,-1,1,18,-1,8,1],[-6,-1,2,-6,-1,8,1],[0,-1,2,0,-1,15,1],[4,-1,2,4,-1,22,1],[-15,-1,3,-15,-1,20,1],[13,-1,3,14,-1,8,1],[8,-1,4,8,-1,5,1],[15,-1,4,15,-1,14,1],[-18,-1,5,-18,-1,18,1],[-14,-1,5,-14,-1,19,1],[-8,-1,5,-8,-1,14,1],[-13,-1,6,-9,-1,7,1],[-7,-1,6,-7,-1,7,1],[-13,-1,8,-11,-1,17,1],[-9,-1,8,-9,-1,14,1],[-2,-1,8,-2,-1,15,1],[-19,-1,9,-19,-1,22,1],[-10,-1,9,-10,-1,15,1],[-7,-1,9,-7,-1,14,1],[14,-1,9,14,-1,10,1],[17,-1,9,17,-1,14,1],[-6,-1,10,-6,-1,14,1],[5,-1,10,5,-1,20,1],[18,-1,10,19,-1,14,1],[12,-1,11,12,0,11,4],[20,-1,11,20,-1,15,1],[-21,-1,12,-21,-1,16,1],[21,-1,12,22,-1,12,1],[6,-1,13,6,-1,22,1],[21,-1,13,21,-1,15,1],[-5,-1,14,-5,-1,14,1],[7,-1,14,7,-1,22,1],[22,-1,14,22,-1,15,1],[8,-1,15,8,-1,22,1],[19,-1,15,19,-1,15,1],[-17,-1,16,-16,-1,21,1],[9,-1,16,13,-1,16,1],[2,-1,17,3,-1,17,1],[9,-1,17,10,-1,21,1],[12,-1,17,13,-1,19,1],[-13,-1,18,-12,-1,18,1],[3,-1,18,3,-1,18,1],[11,-1,18,11,-1,21,1],[14,-1,18,14,1,18,4],[18,-1,18,19,0,18,4],[21,-1,18,21,0,18,4],[-20,-1,19,-20,-1,22,1],[-13,-1,19,-13,-1,19,1],[20,-1,19,20,0,19,4],[-18,-1,20,-18,-1,22,1],[3,-1,20,3,-1,22,1],[12,-1,20,12,-1,20,1],[-21,-1,21,-21,-1,22,1],[2,-1,21,2,-1,22,1],[-22,-1,22,-22,-1,22,1],[-17,-1,22,-17,-1,22,1],[1,-1,22,1,-1,22,1],[5,-1,22,5,-1,22,1],[9,-1,22,9,-1,22,1],[14,-1,22,14,1,22,4],[-19,0,-22,-16,0,-21,1],[-1,0,-22,4,0,-21,1],[14,0,-22,14,2,-22,4],[-22,0,-21,-22,0,-20,4],[-2,0,-21,-2,0,-14,1],[16,0,-21,20,0,-16,1],[-18,0,-20,-15,0,-18,1],[-1,0,-20,-1,0,-15,1],[1,0,-20,4,0,-19,1],[8,0,-20,8,2,-20,4],[15,0,-20,15,0,-15,1],[21,0,-20,22,0,-20,1],[-14,0,-19,-14,0,-15,1],[-3,0,-19,-3,0,-13,1],[0,0,-19,0,0,-15,1],[22,0,-19,22,0,-17,1],[-13,0,-18,-12,0,-15,1],[-4,0,-18,-4,0,-12,1],[1,0,-18,3,0,-18,1],[14,0,-18,14,0,0,1],[21,0,-18,21,0,-16,1],[-17,0,-17,-15,0,-17,1],[-11,0,-17,-9,0,-17,1],[-7,0,-17,-5,0,-13,1],[1,0,-17,2,0,-17,1],[12,0,-17,13,0,-13,1],[-16,0,-16,-15,0,-16,1],[-11,0,-16,-11,0,-13,1],[-9,0,-16,-8,0,-6,1],[1,0,-16,1,0,-16,1],[9,0,-16,11,0,-10,1],[-10,0,-15,-10,0,-14,1],[8,0,-15,8,0,-12,1],[22,0,-15,22,1,-15,4],[-19,0,-14,-19,2,-14,4],[-12,0,-14,-12,0,-14,1],[1,0,-13,1,2,-13,4],[18,0,-13,18,1,-13,4],[-10,0,-12,-10,0,2,1],[-7,0,-12,-6,0,-10,1],[13,0,-12,13,0,0,1],[-19,0,-11,-19,1,-11,4],[-5,0,-11,-5,0,-11,1],[12,0,-11,12,0,-6,1],[15,0,-11,15,0,0,1],[17,0,-11,17,2,-11,4],[22,0,-11,22,0,-9,1],[-11,0,-10,-11,0,-3,1],[-1,0,-10,-1,1,-10,4],[3,0,-10,3,2,-10,4],[19,0,-10,21,0,-4,1],[-12,0,-9,-12,0,-8,1],[-7,0,-9,-7,0,-9,1],[10,0,-9,11,0,-6,1],[16,0,-9,18,0,-4,1],[-13,0,-8,-13,0,5,1],[-6,0,-8,-6,2,-8,4],[-19,0,-7,-19,1,-7,4],[-14,0,-7,-14,0,4,1],[22,0,-7,22,0,2,1],[-15,0,-6,-15,0,-4,1],[-12,0,-6,-12,0,-4,1],[-22,0,-5,-22,2,-5,4],[-9,0,-5,-9,0,5,1],[-7,0,-5,-7,2,-5,4],[11,0,-5,11,0,-3,1],[12,0,-4,12,0,-1,1],[16,0,-3,17,0,-1,1],[19,0,-3,20,0,9,1],[-12,0,-2,-12,0,5,1],[7,0,-2,7,1,-2,4],[18,0,-2,18,0,0,1],[21,0,-2,21,0,11,1],[-20,0,-1,-20,2,-1,4],[-11,0,-1,-11,0,5,1],[-6,0,-1,-6,2,-1,4],[8,0,-1,8,1,-1,4],[-15,0,0,-15,2,0,4],[-8,0,0,-8,0,4,1],[17,0,0,17,0,0,1],[-6,0,1,-6,2,1,4],[0,0,1,0,1,1,4],[-15,0,2,-15,1,2,4],[-7,0,2,-7,0,3,1],[8,0,3,8,2,3,4],[15,0,3,15,2,3,4],[-18,0,4,-18,1,4,4],[-10,0,4,-10,0,5,1],[-7,0,4,-7,2,5,4],[22,0,4,22,0,11,1],[-2,0,7,-2,1,7,4],[-19,0,8,-19,2,8,4],[-10,0,8,-10,2,8,4],[-7,0,8,-7,1,8,4],[-6,0,9,-6,1,9,4],[18,0,9,18,1,9,4],[20,0,10,20,0,10,1],[-21,0,11,-21,1,11,4],[-5,0,13,-5,2,13,4],[22,0,13,22,1,13,4],[-17,0,15,-16,1,15,4],[-9,0,15,-9,1,15,4],[-8,0,15,-5,0,17,1],[-10,0,16,-9,0,19,1],[-4,0,16,0,0,22,1],[1,0,17,1,0,21,1],[11,0,17,11,2,17,4],[-11,0,18,-11,0,22,1],[-7,0,18,-5,0,20,1],[2,0,18,2,0,20,1],[-18,0,19,-18,1,19,4],[-12,0,19,-12,0,22,1],[-8,0,19,-8,0,22,1],[3,0,19,3,0,19,1],[-14,0,20,-13,0,22,1],[12,0,20,12,1,20,4],[-15,0,21,-15,0,22,1],[-10,0,21,-9,0,22,1],[-6,0,21,-5,0,22,1],[5,0,21,5,1,21,4],[-16,0,22,-16,0,22,1],[-7,0,22,-7,0,22,1],[-22,1,-22,-21,1,-22,5],[-15,1,-22,-2,1,-22,3],[-21,1,-21,-21,1,-21,5],[-15,1,-21,-3,1,-21,3],[18,1,-21,18,2,-21,4],[-22,1,-20,-22,1,-20,4],[-14,1,-20,-7,1,-20,3],[-5,1,-20,-3,1,-20,3],[0,1,-20,0,2,-20,4],[-22,1,-19,-22,1,-19,5],[-13,1,-19,-4,1,-19,3],[15,1,-19,15,2,-19,4],[21,1,-19,21,3,-19,4],[-11,1,-18,-5,1,-18,3],[-8,1,-17,-8,1,-17,3],[-10,1,-16,-10,3,-16,4],[-22,1,-15,-22,1,-7,5],[-10,1,-13,-10,2,-13,4],[14,1,-13,14,3,-13,4],[-5,1,-12,-5,2,-12,4],[12,1,-12,12,3,-12,4],[-21,1,-11,-21,1,-7,5],[19,1,-10,19,3,-10,4],[22,1,-8,22,2,-8,4],[-12,1,-7,-12,2,-7,4],[12,1,-5,12,2,-5,4],[-12,1,-3,-12,2,-3,4],[18,1,-3,18,2,-3,4],[21,1,-3,21,3,-3,4],[-11,1,-2,-11,2,-2,4],[14,1,0,14,3,0,4],[-10,1,3,-10,2,3,4],[22,1,3,22,2,3,4],[19,1,5,19,2,5,4],[10,1,9,14,1,10,5],[10,1,11,11,1,12,5],[13,1,11,14,1,13,5],[12,1,12,12,1,13,5],[11,1,13,11,2,13,5],[22,1,15,22,1,21,5],[18,1,17,21,1,17,5],[-8,1,18,-8,2,18,4],[18,1,18,18,1,18,4],[20,1,18,20,1,18,5],[18,1,19,19,1,22,5],[21,1,19,21,1,21,5],[-14,1,20,-14,3,20,4],[-10,1,20,-9,2,20,4],[20,1,20,20,1,21,5],[-7,1,21,-7,2,21,4],[15,1,22,17,1,22,5],[-20,2,-22,-20,3,-19,5],[4,2,-22,8,2,-22,5],[5,2,-21,8,2,-21,5],[-21,2,-20,-21,2,-18,5],[-6,2,-20,-6,4,-20,4],[-22,2,-18,-22,3,-18,5],[-9,2,-18,-9,3,-18,4],[21,2,-17,22,2,-16,5],[20,2,-16,20,3,-12,5],[-22,2,-15,-22,2,-11,5],[16,2,-15,19,2,-14,5],[21,2,-15,21,2,-13,5],[22,2,-14,22,2,-13,5],[-21,2,-13,-17,2,-12,5],[16,2,-13,17,2,-12,5],[19,2,-13,19,2,-11,5],[-3,2,-12,0,2,-11,5],[18,2,-12,18,2,-11,5],[-20,2,-11,-20,2,-5,5],[-18,2,-11,-17,2,-6,5],[1,2,-11,1,2,-8,5],[-19,2,-10,-19,2,-8,5],[-3,2,-10,-2,2,-8,5],[0,2,-10,0,2,-5,5],[-1,2,-9,-1,2,-5,5],[2,2,-9,2,2,-2,5],[3,2,-8,3,2,-1,5],[-22,2,-7,-22,2,-7,5],[-21,2,-6,-21,2,-5,5],[-19,2,-6,-19,2,-5,5],[1,2,-6,1,2,-5,5],[-18,2,-5,-18,3,-5,5],[4,2,-5,6,2,-4,5],[7,2,-4,8,2,-3,5],[5,2,-3,6,2,0,5],[9,2,-3,9,2,1,5],[4,2,-2,4,2,-1,5],[8,2,-2,8,2,-2,5],[10,2,-2,10,3,0,5],[-2,2,-1,1,2,0,5],[7,2,-1,7,2,1,5],[-16,2,0,-16,2,5,5],[-14,2,0,-13,2,4,5],[2,2,0,2,3,2,5],[8,2,0,8,2,1,5],[-17,2,1,-17,2,6,5],[-15,2,1,-15,2,1,5],[-2,2,1,-1,2,2,5],[1,2,1,1,2,3,5],[6,2,1,6,4,1,5],[-20,2,2,-18,2,3,5],[0,2,2,0,2,3,5],[-15,2,3,-15,2,4,5],[-1,2,3,-1,3,3,5],[-20,2,4,-19,2,5,5],[-18,2,5,-18,2,6,5],[-4,2,5,-1,2,6,5],[-19,2,6,-19,2,6,5],[-8,2,6,-6,2,7,5],[0,2,6,0,3,9,5],[-9,2,7,-9,2,10,5],[-5,2,7,-3,2,8,5],[-1,2,7,-1,2,9,5],[16,2,7,20,2,8,5],[-8,2,8,-8,2,10,5],[-6,2,8,-6,2,8,5],[-2,2,8,-2,2,9,5],[-22,2,9,-19,2,10,5],[-7,2,9,-7,2,10,5],[-5,2,9,-5,2,9,5],[-3,2,9,-3,3,9,5],[10,2,9,14,2,9,5],[16,2,9,17,2,11,5],[19,2,9,20,2,11,5],[-6,2,10,-6,2,10,5],[10,2,10,10,2,12,5],[14,2,10,14,2,13,5],[18,2,10,18,2,11,5],[-22,2,11,-22,2,13,5],[-20,2,11,-19,2,13,5],[21,2,11,22,2,12,5],[-21,2,12,-21,2,13,5],[20,2,12,20,3,16,5],[-18,2,13,-15,2,14,5],[-11,2,13,-8,2,14,5],[12,2,13,13,2,13,5],[21,2,13,21,2,16,5],[-19,2,14,-19,2,21,5],[-7,2,14,-7,2,17,5],[22,2,14,22,2,14,5],[-18,2,15,-18,2,18,5],[-15,2,15,-15,2,16,5],[-11,2,15,-10,2,17,5],[-8,2,15,-8,2,17,5],[-17,2,16,-16,2,21,5],[-9,2,16,-9,2,17,5],[12,2,16,19,2,16,5],[-20,2,17,-20,3,20,5],[12,2,17,17,2,17,5],[11,2,18,13,2,19,5],[15,2,18,17,2,19,5],[3,2,19,7,2,20,5],[10,2,19,10,2,22,5],[14,2,19,14,2,21,5],[-22,2,20,-22,3,22,5],[-18,2,20,-18,2,21,5],[11,2,20,11,2,22,5],[13,2,20,13,2,22,5],[15,2,20,15,2,21,5],[17,2,20,17,3,20,5],[3,2,21,4,2,22,5],[6,2,21,7,2,22,5],[12,2,21,12,2,22,5],[16,2,21,16,3,21,5],[18,2,21,22,2,21,5],[5,2,22,5,2,22,5],[17,2,22,17,3,22,5],[19,2,22,19,2,22,5],[21,2,22,22,3,22,5],[-1,3,-22,2,3,-21,5],[4,3,-22,4,3,-22,5],[9,3,-22,9,3,-18,5],[12,3,-22,13,3,-20,5],[15,3,-22,20,3,-22,5],[-2,3,-21,-2,4,-18,5],[5,3,-21,5,3,-21,5],[10,3,-21,10,4,-18,5],[14,3,-21,17,3,-20,5],[19,3,-21,20,3,-19,5],[-1,3,-20,-1,3,-18,5],[1,3,-20,2,3,-18,5],[6,3,-20,7,3,-18,5],[18,3,-20,18,3,-19,5],[0,3,-19,0,3,-18,5],[8,3,-19,8,3,-18,5],[13,3,-19,14,3,-18,5],[16,3,-19,17,3,-17,5],[-21,3,-18,-21,3,-18,5],[15,3,-18,15,3,-17,5],[14,3,-17,14,4,-17,5],[21,3,-17,22,3,-17,5],[-20,3,-16,-17,3,-15,5],[-21,3,-15,-21,3,-8,5],[-12,3,-15,-9,3,-14,5],[0,3,-15,3,3,-14,5],[16,3,-15,19,3,-15,5],[-20,3,-14,-20,3,-14,5],[-18,3,-14,-17,3,-14,5],[-8,3,-14,-3,3,-13,5],[-1,3,-14,-1,4,-13,5],[16,3,-14,16,3,-13,5],[-17,3,-13,-17,3,-6,5],[-12,3,-13,-11,3,-11,5],[-9,3,-13,-9,3,-11,5],[0,3,-13,0,3,-13,5],[2,3,-13,3,3,-11,5],[-10,3,-12,-10,3,-11,5],[-8,3,-12,-6,3,-12,5],[-4,3,-12,-4,3,-6,5],[-2,3,-12,-2,3,-12,5],[1,3,-12,1,3,-12,5],[4,3,-12,5,3,-9,5],[15,3,-12,15,3,-10,5],[21,3,-12,22,3,-9,5],[-7,3,-11,-5,3,-9,5],[16,3,-11,16,3,-9,5],[19,3,-11,19,3,-11,5],[-22,3,-10,-22,4,-10,5],[-8,3,-10,-8,3,5,5],[2,3,-10,2,3,-10,5],[17,3,-10,18,3,-9,5],[20,3,-10,20,3,-7,5],[-20,3,-9,-18,3,-9,5],[-14,3,-9,-11,3,-8,5],[-3,3,-9,-3,3,-8,5],[3,3,-9,3,3,-9,5],[-10,3,-8,-10,4,-6,5],[-7,3,-8,-7,3,-6,5],[-5,3,-8,-5,3,6,5],[-2,3,-8,-1,3,-8,5],[4,3,-8,4,4,-8,5],[21,3,-8,21,3,-6,5],[-14,3,-7,-13,3,-6,5],[-11,3,-7,-11,3,-3,5],[-9,3,-7,-9,3,-3,5],[-6,3,-7,-6,3,-2,5],[-1,3,-7,-1,3,-5,5],[3,3,-7,3,3,-5,5],[11,3,-7,13,3,-6,5],[22,3,-7,22,3,-6,5],[-22,3,-6,-22,3,-6,5],[-12,3,-6,-12,3,-4,5],[10,3,-6,10,4,-4,5],[14,3,-6,14,4,-3,5],[-19,3,-5,-19,3,-5,5],[-13,3,-5,-13,3,0,5],[0,3,-5,2,3,-5,5],[4,3,-5,6,3,-5,5],[11,3,-5,11,3,-3,5],[13,3,-5,13,3,-3,5],[17,3,-5,20,3,-4,5],[-22,3,-4,-20,3,-2,5],[-14,3,-4,-14,3,-1,5],[-10,3,-4,-10,3,-1,5],[-7,3,-4,-7,3,3,5],[2,3,-4,2,3,-2,5],[6,3,-4,8,3,-4,5],[12,3,-4,12,3,-3,5],[16,3,-4,16,3,-1,5],[-19,3,-3,-19,3,2,5],[9,3,-3,9,3,-3,5],[17,3,-3,17,3,-1,5],[19,3,-3,20,3,-1,5],[-18,3,-2,-18,3,2,5],[-16,3,-2,-15,3,-1,5],[-12,3,-2,-12,3,-1,5],[-4,3,-2,-4,4,2,5],[18,3,-2,18,3,-1,5],[-22,3,-1,-21,3,1,5],[-17,3,-1,-17,4,0,5],[-11,3,-1,-11,3,-1,5],[-2,3,-1,1,3,-1,5],[3,3,-1,5,3,-1,5],[-20,3,0,-20,3,8,5],[-6,3,0,-6,3,0,5],[-2,3,0,-2,3,2,5],[5,3,0,6,3,0,5],[-12,3,1,-9,3,2,5],[9,3,1,9,3,5,5],[13,3,1,17,3,2,5],[20,3,1,22,3,2,5],[-22,3,2,-22,4,5,5],[-13,3,2,-13,3,4,5],[-6,3,2,-6,3,5,5],[6,3,2,8,3,2,5],[10,3,2,10,4,5,5],[-12,3,3,-11,3,4,5],[-9,3,3,-9,3,6,5],[0,3,3,1,3,3,5],[6,3,3,7,3,4,5],[13,3,3,14,3,5,5],[16,3,3,21,3,4,5],[-16,3,4,-14,3,4,5],[-10,3,4,-10,3,7,5],[8,3,4,8,3,5,5],[15,3,4,15,3,5,5],[22,3,4,22,3,5,5],[-16,3,5,-16,3,5,5],[-11,3,5,-11,3,10,5],[-4,3,5,-1,3,5,5],[7,3,5,7,4,5,5],[16,3,5,18,3,5,5],[20,3,5,21,3,6,5],[-21,3,6,-21,4,8,5],[-17,3,6,-17,4,10,5],[-12,3,6,-12,4,10,5],[-4,3,6,-4,3,7,5],[17,3,6,19,3,6,5],[-19,3,7,-18,3,7,5],[16,3,7,17,3,7,5],[21,3,7,21,5,7,5],[-18,3,8,-18,3,10,5],[16,3,8,16,3,11,5],[20,3,8,20,3,11,5],[-22,3,9,-22,3,9,5],[-10,3,9,-10,3,10,5],[-4,3,9,-4,3,15,5],[-2,3,9,-1,3,9,5],[-9,3,10,-8,4,10,5],[-5,3,10,-5,3,12,5],[11,3,10,13,4,10,5],[-19,3,11,-19,3,17,5],[-7,3,11,-6,3,13,5],[11,3,11,11,4,12,5],[13,3,11,13,4,12,5],[17,3,11,19,3,11,5],[21,3,11,22,3,11,5],[-3,3,12,-3,4,14,5],[12,3,12,12,4,12,5],[-22,3,13,-20,3,13,5],[-18,3,13,-14,3,13,5],[-11,3,13,-8,3,13,5],[-14,3,14,-14,4,17,5],[-11,3,14,-11,3,17,5],[-6,3,14,-5,3,15,5],[10,3,15,13,4,15,5],[21,3,15,22,3,16,5],[-7,3,16,-7,3,20,5],[9,3,16,11,3,16,5],[14,3,16,19,3,16,5],[-15,3,17,-15,4,17,5],[9,3,17,10,3,18,5],[16,3,17,16,3,19,5],[-16,3,18,-16,3,21,5],[-10,3,18,-9,3,19,5],[-11,3,19,-11,3,22,5],[-8,3,19,-8,3,22,5],[-6,3,19,-6,3,22,5],[3,3,19,7,3,19,5],[9,3,19,9,4,19,5],[-5,3,20,-5,3,22,5],[3,3,20,3,3,22,5],[7,3,20,7,3,22,5],[10,3,20,10,3,22,5],[14,3,20,15,3,20,5],[18,3,20,22,3,20,5],[-19,3,21,-17,3,21,5],[-10,3,21,-9,3,22,5],[-4,3,21,-4,3,22,5],[-7,3,22,-7,3,22,5],[11,3,22,12,3,22,5],[16,3,22,16,3,22,5],[18,3,22,18,3,22,5],[-21,4,-22,-21,5,-19,5],[-1,4,-22,-1,5,-22,5],[2,4,-22,2,4,-18,5],[5,4,-22,5,5,-22,5],[8,4,-22,9,4,-22,5],[12,4,-22,12,4,-20,5],[16,4,-22,16,4,-21,5],[20,4,-22,20,4,-22,5],[6,4,-21,6,4,-18,5],[21,4,-21,22,4,-20,5],[-10,4,-20,-7,4,-19,5],[13,4,-20,13,4,-18,5],[-22,4,-19,-22,5,-19,5],[-11,4,-19,-11,4,-16,5],[17,4,-19,18,4,-19,5],[22,4,-19,22,4,-18,5],[-10,4,-18,-10,4,-17,5],[-8,4,-18,-7,4,-17,5],[-1,4,-18,1,4,-18,5],[7,4,-18,9,4,-18,5],[17,4,-18,17,4,-17,5],[19,4,-18,21,4,-18,5],[-12,4,-17,-12,4,-11,5],[-9,4,-17,-9,4,-16,5],[15,4,-17,16,4,-17,5],[19,4,-17,20,5,-17,5],[-20,4,-16,-17,4,-16,5],[-8,4,-16,-8,5,-15,5],[21,4,-16,21,4,-13,5],[-21,4,-15,-21,4,-12,5],[-17,4,-15,-17,4,-13,5],[0,4,-15,3,4,-15,5],[12,4,-15,16,5,-15,5],[-7,4,-14,-3,4,-14,5],[3,4,-14,3,4,-12,5],[11,4,-14,15,4,-14,5],[17,4,-14,19,5,-14,5],[-8,4,-13,-7,4,-12,5],[-3,4,-13,-3,4,-10,5],[10,4,-13,13,4,-13,5],[15,4,-13,15,4,-13,5],[19,4,-13,19,5,-13,5],[22,4,-13,22,4,-13,5],[-18,4,-12,-18,5,-10,5],[-1,4,-12,-1,4,-12,5],[4,4,-12,5,4,-12,5],[10,4,-12,11,4,-10,5],[13,4,-12,14,4,-11,5],[20,4,-12,20,4,-11,5],[-20,4,-11,-20,5,-10,5],[-11,4,-11,-9,4,-11,5],[-7,4,-11,-7,4,-10,5],[-2,4,-11,-2,5,-11,5],[1,4,-11,1,4,-9,5],[5,4,-11,5,4,-9,5],[12,4,-11,12,4,-10,5],[-19,4,-10,-19,5,-10,5],[-8,4,-10,-8,4,-7,5],[-6,4,-10,-4,4,-10,5],[13,4,-10,13,5,-10,5],[15,4,-10,15,4,-10,5],[-22,4,-9,-22,4,-7,5],[-14,4,-9,-11,4,-9,5],[-4,4,-9,-4,4,-6,5],[-2,4,-9,-1,5,-9,5],[16,4,-9,17,4,-9,5],[19,4,-9,19,4,-8,5],[-20,4,-8,-18,5,-8,5],[-14,4,-8,-14,4,-6,5],[0,4,-8,0,5,-6,5],[3,4,-8,3,4,-8,5],[18,4,-8,18,5,-8,5],[-21,4,-7,-21,4,-7,5],[-18,4,-7,-18,5,-6,5],[-9,4,-7,-9,4,-4,5],[2,4,-7,2,5,-6,5],[11,4,-7,13,4,-7,5],[20,4,-7,20,4,-7,5],[-19,4,-6,-19,5,-6,5],[-5,4,-6,-5,4,-3,5],[1,4,-6,1,5,-6,5],[21,4,-6,22,4,-4,5],[-20,4,-5,-20,4,-3,5],[-13,4,-5,-11,4,-5,5],[17,4,-5,20,4,-5,5],[-14,4,-4,-14,4,-2,5],[-10,4,-4,-10,5,-4,5],[3,4,-4,5,5,-4,5],[16,4,-4,16,4,-2,5],[-22,4,-3,-21,4,-3,5],[-19,4,-3,-19,4,-3,5],[-8,4,-3,-6,4,-3,5],[3,4,-3,3,5,-2,5],[6,4,-3,8,5,-3,5],[11,4,-3,13,4,-3,5],[22,4,-3,22,4,-1,5],[-22,4,-2,-22,4,1,5],[-18,4,-2,-18,4,1,5],[-16,4,-2,-15,4,-2,5],[-9,4,-2,-8,4,-1,5],[4,4,-2,5,5,-2,5],[9,4,-2,9,4,1,5],[12,4,-2,15,4,-1,5],[21,4,-2,21,4,-1,5],[6,4,-1,6,5,-1,5],[17,4,-1,20,4,-1,5],[-12,4,0,-10,4,1,5],[-8,4,0,-8,4,2,5],[-1,4,0,1,5,0,5],[7,4,0,7,4,1,5],[12,4,0,13,4,0,5],[15,4,0,16,4,0,5],[-21,4,1,-19,4,1,5],[-17,4,1,-17,4,2,5],[-13,4,1,-13,4,1,5],[-9,4,1,-9,4,1,5],[-1,4,1,-1,5,2,5],[1,4,1,1,5,2,5],[8,4,1,8,4,1,5],[12,4,1,12,5,2,5],[17,4,1,17,4,6,5],[20,4,1,22,4,1,5],[-14,4,2,-14,5,3,5],[-12,4,2,-12,4,4,5],[0,4,2,0,5,2,5],[6,4,2,6,4,4,5],[20,4,2,20,4,3,5],[-19,4,3,-18,5,3,5],[-16,4,3,-15,5,3,5],[-5,4,3,-5,4,7,5],[13,4,3,13,4,5,5],[18,4,3,19,4,3,5],[-19,4,4,-19,4,6,5],[-17,4,4,-17,5,5,5],[-11,4,5,-9,4,6,5],[8,4,5,9,4,5,5],[14,4,5,16,4,5,5],[-20,4,6,-20,4,6,5],[-18,4,6,-18,4,6,5],[-3,4,6,-1,5,6,5],[22,4,6,22,4,7,5],[-22,4,7,-22,5,8,5],[-3,4,7,-3,5,8,5],[-1,4,7,-1,5,8,5],[18,4,7,20,4,7,5],[-4,4,8,-4,4,11,5],[-2,4,8,-2,5,8,5],[17,4,8,17,5,10,5],[19,4,8,19,5,10,5],[-21,4,9,-21,4,9,5],[-19,4,10,-18,4,10,5],[-11,4,10,-10,4,10,5],[18,4,10,18,5,10,5],[-20,4,11,-20,5,12,5],[-7,4,11,-5,4,11,5],[12,4,11,12,4,11,5],[-22,4,12,-21,5,12,5],[-7,4,12,-7,4,16,5],[21,4,12,22,5,12,5],[-17,4,13,-14,4,13,5],[21,4,13,21,5,14,5],[-18,4,14,-18,4,17,5],[-10,4,14,-8,5,14,5],[22,4,14,22,5,14,5],[-10,4,15,-10,5,17,5],[-6,4,15,-4,4,15,5],[9,4,16,9,4,18,5],[13,4,16,13,4,16,5],[-17,4,17,-16,4,17,5],[-6,4,17,-6,5,19,5],[14,4,17,15,5,17,5],[17,4,17,22,5,17,5],[-19,4,18,-19,5,20,5],[-15,4,18,-11,5,18,5],[15,4,18,15,5,19,5],[17,4,18,17,5,19,5],[-15,4,19,-12,4,19,5],[10,4,19,10,4,19,5],[14,4,19,14,5,19,5],[18,4,19,18,5,19,5],[22,4,19,22,5,19,5],[-18,4,20,-17,5,20,5],[-15,4,20,-15,4,22,5],[-13,4,20,-12,4,22,5],[-5,4,20,-5,4,21,5],[4,4,20,6,5,20,5],[11,4,20,11,5,21,5],[13,4,20,13,5,20,5],[19,4,20,21,4,20,5],[-16,4,21,-16,5,21,5],[-14,4,21,-14,4,22,5],[-4,4,21,-4,4,21,5],[4,4,21,4,5,22,5],[6,4,21,6,5,22,5],[12,4,21,12,5,21,5],[14,4,21,15,5,21,5],[-3,4,22,-2,5,22,5],[13,4,22,13,5,22,5],[15,4,22,15,5,22,5],[-22,5,-22,-22,5,-20,5],[-8,5,-22,-4,5,-21,5],[0,5,-22,2,5,-22,5],[6,5,-22,7,5,-22,5],[13,5,-22,13,6,-21,5],[15,5,-22,15,6,-21,5],[17,5,-22,17,6,-20,5],[19,5,-22,19,6,-22,5],[-1,5,-21,-1,6,-19,5],[1,5,-21,1,6,-19,5],[7,5,-21,9,6,-21,5],[20,5,-21,22,5,-21,5],[-10,5,-20,-9,5,-20,5],[-5,5,-20,-4,5,-18,5],[7,5,-20,7,6,-19,5],[9,5,-20,9,6,-19,5],[14,5,-20,14,6,-18,5],[16,5,-20,16,6,-18,5],[18,5,-20,18,6,-20,5],[-11,5,-19,-11,5,-18,5],[-6,5,-19,-6,5,-18,5],[0,5,-19,0,6,-19,5],[8,5,-19,8,6,-19,5],[19,5,-19,19,5,-18,5],[15,5,-18,15,6,-18,5],[-12,5,-17,-12,5,-15,5],[-7,5,-17,-7,5,-17,5],[21,5,-17,22,5,-14,5],[-20,5,-15,-18,6,-15,5],[-20,5,-14,-20,5,-12,5],[-18,5,-14,-18,6,-13,5],[-11,5,-14,-11,6,-12,5],[-8,5,-14,-8,5,-14,5],[0,5,-14,2,6,-14,5],[11,5,-14,12,5,-14,5],[16,5,-14,16,5,-13,5],[-9,5,-13,-9,6,-12,5],[-6,5,-13,-4,6,-13,5],[0,5,-13,0,5,-9,5],[2,5,-13,2,5,-8,5],[10,5,-13,10,5,-10,5],[17,5,-13,18,5,-13,5],[-19,5,-12,-19,5,-11,5],[-10,5,-12,-10,6,-12,5],[-6,5,-12,-6,6,-11,5],[-4,5,-12,-4,6,-11,5],[1,5,-12,1,6,-12,5],[19,5,-12,22,5,-12,5],[-5,5,-11,-5,6,-11,5],[-1,5,-11,-1,5,-10,5],[3,5,-11,4,6,-11,5],[14,5,-11,15,5,-11,5],[21,5,-11,21,5,-10,5],[-2,5,-10,-2,5,-10,5],[4,5,-10,4,6,-9,5],[11,5,-10,12,5,-10,5],[16,5,-10,16,6,-10,5],[-7,5,-9,-5,6,-9,5],[3,5,-9,3,6,-9,5],[17,5,-9,17,5,-9,5],[-13,5,-8,-11,6,-8,5],[-7,5,-8,-7,6,-7,5],[-5,5,-8,-5,6,-7,5],[1,5,-8,1,5,-7,5],[19,5,-8,20,5,-8,5],[-20,5,-7,-19,5,-7,5],[-13,5,-7,-13,6,-6,5],[-11,5,-7,-11,6,-6,5],[21,5,-7,22,6,-7,5],[-22,5,-6,-20,5,-6,5],[-12,5,-6,-12,6,-6,5],[-8,5,-6,-8,6,-4,5],[-6,5,-6,-6,6,-4,5],[11,5,-6,13,6,-6,5],[-21,5,-5,-21,6,-4,5],[11,5,-5,11,6,-4,5],[13,5,-5,13,6,-4,5],[19,5,-5,22,5,-5,5],[-22,5,-4,-22,6,-4,5],[-13,5,-4,-11,6,-4,5],[-7,5,-4,-7,6,-4,5],[12,5,-4,12,6,-4,5],[17,5,-4,18,6,-4,5],[-13,5,-3,-13,5,0,5],[-9,5,-3,-9,5,-1,5],[4,5,-3,5,5,-3,5],[17,5,-3,17,6,-2,5],[-21,5,-2,-19,6,-2,5],[-7,5,-2,-5,6,-2,5],[6,5,-2,9,5,-2,5],[12,5,-2,15,5,-2,5],[18,5,-2,19,6,-2,5],[-21,5,-1,-21,6,0,5],[-19,5,-1,-19,6,0,5],[-16,5,-1,-14,6,-1,5],[-7,5,-1,-7,6,2,5],[-5,5,-1,-5,6,2,5],[7,5,-1,9,5,0,5],[12,5,-1,12,5,0,5],[16,5,-1,16,5,4,5],[20,5,-1,22,5,-1,5],[-20,5,0,-20,6,0,5],[-16,5,0,-16,5,2,5],[-12,5,0,-10,5,0,5],[-14,5,1,-14,6,1,5],[0,5,1,0,5,1,5],[-15,5,2,-15,5,2,5],[-11,5,2,-9,6,2,5],[7,5,2,9,6,2,5],[13,5,2,13,5,2,5],[21,5,2,22,6,2,5],[-17,5,3,-17,5,3,5],[-11,5,3,-11,6,4,5],[-8,5,3,-8,6,3,5],[-6,5,3,-6,5,7,5],[7,5,3,7,6,4,5],[9,5,3,9,6,4,5],[14,5,3,14,6,4,5],[21,5,3,21,6,3,5],[-19,5,4,-18,5,5,5],[-10,5,4,-9,6,4,5],[8,5,4,8,6,4,5],[15,5,4,15,6,4,5],[18,5,4,20,6,4,5],[-8,5,5,-8,5,9,5],[18,5,5,18,6,6,5],[21,5,5,21,5,6,5],[19,5,6,20,6,6,5],[-20,5,7,-18,6,7,5],[-11,5,7,-9,6,7,5],[-7,5,7,-7,5,7,5],[-2,5,7,-2,5,7,5],[22,5,7,22,5,7,5],[-20,5,8,-20,5,10,5],[-18,5,8,-18,6,9,5],[-11,5,8,-11,6,9,5],[-5,5,8,-5,6,10,5],[18,5,8,18,5,9,5],[-22,5,9,-22,5,11,5],[-19,5,9,-19,6,9,5],[-10,5,9,-9,6,9,5],[-21,5,10,-21,5,11,5],[-7,5,10,-6,6,10,5],[-6,5,12,-4,6,12,5],[-6,5,13,-6,6,14,5],[-4,5,13,-4,6,14,5],[22,5,13,22,5,13,5],[-18,5,14,-15,5,14,5],[-5,5,14,-5,6,14,5],[-18,5,15,-18,5,16,5],[-15,5,15,-15,6,16,5],[-9,5,15,-8,5,16,5],[-17,5,16,-16,6,16,5],[-7,5,16,-7,5,16,5],[10,5,16,12,6,16,5],[10,5,17,10,6,18,5],[13,5,17,13,5,19,5],[-18,5,18,-16,5,19,5],[-10,5,18,-10,5,18,5],[14,5,18,14,5,18,5],[18,5,18,22,5,18,5],[-12,5,19,-12,5,22,5],[11,5,19,12,5,19,5],[19,5,19,21,5,19,5],[-16,5,20,-16,5,20,5],[-6,5,20,-6,6,21,5],[12,5,20,12,5,20,5],[5,5,21,5,5,22,5],[13,5,21,13,5,21,5],[-15,5,22,-13,5,22,5],[-11,5,22,-9,5,22,5],[-5,5,22,-4,5,22,5],[14,5,22,14,5,22,5],[-8,6,-22,-4,6,-22,5],[14,6,-22,14,6,-21,5],[18,6,-22,18,6,-21,5],[-8,6,-21,-8,6,-20,5],[-4,6,-21,-4,6,-18,5],[0,6,-21,0,6,-20,5],[19,6,-21,19,6,-20,5],[8,6,-20,8,6,-20,5],[15,6,-20,15,6,-19,5],[20,6,-20,22,7,-20,5],[-10,6,-19,-9,7,-19,5],[20,6,-19,20,7,-18,5],[-10,6,-18,-10,7,-18,5],[-7,6,-18,-5,6,-18,5],[21,6,-18,22,7,-18,5],[-11,6,-17,-11,7,-15,5],[-8,6,-17,-8,7,-17,5],[-9,6,-16,-9,6,-14,5],[-20,6,-14,-19,6,-13,5],[-10,6,-14,-10,6,-13,5],[13,6,-14,15,7,-14,5],[0,6,-13,2,6,-13,5],[11,6,-13,12,7,-13,5],[15,6,-13,15,7,-12,5],[-5,6,-12,-5,6,-12,5],[0,6,-12,0,6,-12,5],[2,6,-12,2,6,-9,5],[11,6,-12,11,7,-11,5],[14,6,-12,14,7,-12,5],[16,6,-12,18,6,-12,5],[22,6,-12,22,6,-8,5],[12,6,-11,13,7,-11,5],[16,6,-11,17,6,-11,5],[19,6,-11,20,7,-11,5],[3,6,-10,3,6,-10,5],[17,6,-10,17,6,-10,5],[20,6,-10,20,7,-9,5],[18,6,-9,19,7,-9,5],[21,6,-9,21,6,-8,5],[-6,6,-8,-6,6,-7,5],[-12,6,-7,-12,6,-7,5],[-22,6,-6,-21,6,-6,5],[-7,6,-6,-7,6,-5,5],[-22,6,-5,-22,6,-5,5],[12,6,-5,12,6,-5,5],[19,6,-4,22,6,-4,5],[-13,6,-3,-13,6,-2,5],[-10,6,-3,-10,7,-1,5],[18,6,-3,19,6,-3,5],[20,6,-2,22,7,-2,5],[-20,6,-1,-20,6,-1,5],[-12,6,-1,-11,7,-1,5],[-6,6,-1,-6,6,6,5],[13,6,-1,15,7,-1,5],[-16,6,0,-14,6,0,5],[13,6,0,13,7,1,5],[15,6,0,15,6,3,5],[-16,6,1,-15,6,1,5],[14,6,2,14,6,2,5],[16,6,2,16,6,4,5],[-10,6,3,-9,6,3,5],[-7,6,3,-7,6,6,5],[8,6,3,8,6,3,5],[22,6,3,22,6,3,5],[-8,6,4,-8,6,6,5],[21,6,4,21,6,4,5],[19,6,5,20,6,5,5],[22,6,5,22,7,6,5],[-20,6,8,-19,6,8,5],[-10,6,8,-9,6,8,5],[-7,6,8,-6,6,9,5],[-20,6,9,-20,6,9,5],[-5,6,13,-5,6,13,5],[-17,6,14,-15,6,14,5],[-17,6,15,-16,6,15,5],[-9,6,17,-7,7,17,5],[11,6,17,12,6,18,5],[-9,6,18,-9,7,18,5],[-7,6,18,-7,6,22,5],[-15,6,19,-13,7,19,5],[-11,6,19,-10,7,19,5],[-15,6,20,-15,7,21,5],[-13,6,20,-13,7,21,5],[-11,6,20,-11,7,21,5],[-8,6,20,-8,6,22,5],[-14,6,21,-14,7,21,5],[-10,6,21,-9,7,21,5],[-6,6,22,-5,6,22,5],[-7,7,-21,-5,8,-21,5],[-7,7,-20,-7,8,-19,5],[-5,7,-20,-5,8,-19,5],[-8,7,-19,-8,7,-18,5],[-6,7,-19,-6,8,-19,5],[21,7,-19,22,7,-19,5],[-9,7,-18,-9,7,-15,5],[-10,7,-17,-10,7,-15,5],[13,7,-13,14,7,-13,5],[12,7,-12,13,7,-12,5],[18,7,-11,18,7,-10,5],[19,7,-10,19,7,-10,5],[20,7,-4,22,7,-3,5],[-12,7,-3,-11,7,-2,5],[14,7,0,15,7,1,5],[22,7,4,22,7,4,5],[-8,7,18,-7,7,19,5],[-9,7,19,-9,7,20,5],[-14,7,20,-14,7,20,5],[-10,7,20,-10,7,20,5],[-6,8,-20,-6,8,-20,5]]

If terrain rises into your footprint: carve in (AIR) or step the build up. If it drops: foundation blocks at negative Y, or raise the build.

DETAIL EXPECTATION: Use most of your 4000-block budget. Add layered detail — ornamentation, asymmetry, multiple structures or characters, foreground/background separation. Avoid simple geometric shells.

Output ONLY JavaScript. No markdown fences, no prose. Just code: